
[0][1] = 0.99
[0][2] = 0.99
[0][3] = 0.99
[0][4] = 0.99
[0][5] = 0.99
[0][6] = 0.99
[0][7] = 0.99
[0][8] = 0.99
[0][9] = 1.00
[0][10] = 1.00
[0][11] = 1.00
[0][12] = 1.00
[0][13] = 1.00
[0][14] = 1.00
[0][15] = 1.00
[0][16] = 1.00
[1][2] = 0.99
[1][3] = 0.99
[1][4] = 0.99
[1][5] = 0.99
[1][6] = 0.99
[1][7] = 0.99
[1][8] = 0.99
[1][9] = 0.99
[1][10] = 0.99
[1][11] = 0.99
[1][12] = 0.99
[1][13] = 0.99
[1][14] = 0.99
[1][15] = 0.99
[1][16] = 0.99
[2][3] = 0.99
[2][4] = 0.98
[2][5] = 0.98
[2][6] = 0.98
[2][7] = 0.98
[2][8] = 0.99
[2][9] = 0.99
[2][10] = 0.99
[2][11] = 0.99
[2][12] = 0.99
[2][13] = 0.99
[2][14] = 0.99
[2][15] = 0.99
[2][16] = 0.99
[3][4] = 0.98
[3][5] = 0.98
[3][6] = 0.98
[3][7] = 0.98
[3][8] = 0.98
[3][9] = 0.98
[3][10] = 0.98
[3][11] = 0.98
[3][12] = 0.98
[3][13] = 0.98
[3][14] = 0.99
[3][15] = 0.99
[3][16] = 0.99
[4][5] = 0.97
[4][6] = 0.97
[4][7] = 0.97
[4][8] = 0.97
[4][9] = 0.98
[4][10] = 0.98
[4][11] = 0.98
[4][12] = 0.98
[4][13] = 0.98
[4][14] = 0.98
[4][15] = 0.98
[4][16] = 0.98
[5][6] = 0.97
[5][7] = 0.97
[5][8] = 0.97
[5][9] = 0.97
[5][10] = 0.97
[5][11] = 0.97
[5][12] = 0.97
[5][13] = 0.98
[5][14] = 0.98
[5][15] = 0.98
[5][16] = 0.98
[6][7] = 0.96
[6][8] = 0.96
[6][9] = 0.96
[6][10] = 0.97
[6][11] = 0.97
[6][12] = 0.97
[6][13] = 0.97
[6][14] = 0.97
[6][15] = 0.97
[6][16] = 0.98
[7][8] = 0.96
[7][9] = 0.96
[7][10] = 0.96
[7][11] = 0.96
[7][12] = 0.96
[7][13] = 0.97
[7][14] = 0.97
[7][15] = 0.97
[7][16] = 0.97
[8][9] = 0.95
[8][10] = 0.95
[8][11] = 0.96
[8][12] = 0.96
[8][13] = 0.96
[8][14] = 0.96
[8][15] = 0.97
[8][16] = 0.97
[9][10] = 0.95
[9][11] = 0.95
[9][12] = 0.95
[9][13] = 0.96
[9][14] = 0.96
[9][15] = 0.96
[9][16] = 0.96
[10][11] = 0.95
[10][12] = 0.95
[10][13] = 0.95
[10][14] = 0.96
[10][15] = 0.96
[10][16] = 0.96
[11][12] = 0.94
[11][13] = 0.95
[11][14] = 0.95
[11][15] = 0.95
[11][16] = 0.96
[12][13] = 0.94
[12][14] = 0.95
[12][15] = 0.95
[12][16] = 0.95
[13][14] = 0.94
[13][15] = 0.95
[13][16] = 0.95
[14][15] = 0.94
[14][16] = 0.95
[15][16] = 0.94